315
628
907
1175
1476
1769
2009
2349
2667
2962
3245
3507
3822
4127
4416
4708
5005
5311
5595
5881
6178
6484
6781
7065
7342
7617
7914
8206
8499
8799
9086
9402
9672
9942
10243
10548
10857
11137
11444
11742
12023
12310
12586
12910
13221
13507
13808
14078
14378
14673
14970
15272
15568
15846
16149
16419
16713
17016
17321
17617
17907
18187
18473
18756
19017
19345
19654
19950
20216
20514
20796
21093
21385
21691
21992
22281
22549
22850
23107
23412
23712
24004
24306
24586
24867
25148
25448
25741
26044
26349
26626
26907
27192
27480
27779
28092
28382
28686
28973
29257
29534
29834
30139
30447
30742
31010
31309
31585
31871
32185
32488
32799
33089
33366
33654
33938
34216
34534
34831
35130
35416
35699
35978
36255
36563
36872
37173
37459
37742
38033
38305
38611
38898
39212
39491
39785
40056
40343
40637
40914
41231
41527
41793
42077
42380
42666
42956
43265
43564
43856
44118
44402
44704
44989
45283
45588
45885
46166
46434
46721
46996
47292
47590
47882
48147
48447
48726
49003
49281
49576
49882
50174
50440
50734
51016
51298
51583
51865
52174
52449
52746
53024
53301
53575
53881
54176
54449
54733
55025
55299
55585
55867
56163
56459
56732
57010
57288
57559
57860
58151
58448
58745
59040
59320
59594
59881
60173
60474
60775
61069
61335
61641
61927
62212
62508
62811
63113
63383
63673
63960
64251
64544
64819
65133
65427
65709
65990
66272
66566
66774
67090
67394
67690
67970
68261
68528
68831
69132
69465
69757
70020
70318
70602
70899
71203
71499
71803
72100
72380
72668
72961
73260
73567
73871
74160
74446
74729
74930
75278
75593
75894
76195
76475
76750
77018
77325
77620
77901
78213
78486
78771
79062
79346
79646
79952
80235
80547
80831
81115
81402
81675
81972
82276
82598
82891
83156
83440
83757
84062
84352
84651
84961
85246
85544
85819
86131
86423
86728
87041
87311
87594
87900
88194
88487
88792
89078
89388
89651
89949
90247
90545
90844
91146
91441
91706
91992
92297
92595
92883
93205
93497
93782
94065
94356
94637
94958
95239
95572
95858
96130
96396
96704
97005
97292
97606
97897
98180
98468
98750
99043
99338
99513
99876
100181
100456
100746
101029
101319
101615
101905
102195
102479
102755
103034
103332
103599
103920
104220
104508
104791
105065
105352
105648
105973
106275
106564
106819
107105
107414
107699
107980
108302
108590
108869
109154
109447
109733
110019
110331
110632
110922
111199
111486
111772
112065
112360
112651
112948
113244
113502
113808
114102
114371
114676
114959
115239
115510
115761
116032
116309
116596
116897
117168
117446
117731
118002
118281
118569
118873
119173
119474
119752
120041
120339
120636
120959
121256
121565
121848
122133
122419
122707
123008
123322
123622
123900
124179
124465
124738
125015
125314
125605
125887
126146
126435
126703
126985
127258
127563
127852
128023
128383
128657
128918
129188
129482
129753
130017
130279
130530
130780
131035
131286
131542
131808
132079
132340
132592
132843
133097
133351
133618
133892
134155
134428
134698
134950
135204
135466
135743
136021
136321
136592
136860
137136
137410
137690
137970
138261
138554
138848
139128
139403
139680
139970
140243
140555
140838
141110
141382
141648
141901
142164
142446
142707
142974
143231
143467
143724
143984
144246
144523
144791
145072
145344
145610
145858
146132
146405
146691
146970
147254
147526
147800
148061
148324
148595
148871
149164
149451
149735
149992
150263
150536
150811
151086
151372
151663
151932
152198
152474
152744
153026
153319
153605
153879
154153
154434
154704
154968
155248
155548
155825
156091
156358
156611
156871
157128
157389
157653
157917
158189
158449
158690
158938
159189
159439
159700
159958
160222
160464
160716
160970
161216
161460
161709
161990
162269
162534
162797
163053
163325
163589
163862
164137
164422
164689
164952
165207
165460
165714
165992
166261
166531
166801
167061
167334
167600
167877
168156
168444
168744
169035
169310
169591
169867
170158
170451
170683
171032
171318
171597
171883
172164
172425
172716
173023
173296
173591
173853
174138
174385
174693
174963
175282
175553
175825
176106
176371
176659
176937
177192
177487
177758
178006
178261
178540
178801
179079
179350
179621
179889
180143
180398
180672
180911
181195
181486
181772
182051
182314
182587
182857
183137
183437
183738
184030
184323
184611
184896
185172
185470
185783
186101
186395
186677
186951
187246
187520
187835
188138
188439
188723
188998
189267
189570
189888
190174
190491
190783
191075
191356
191621
191933
192241
192521
192823
193114
193370
193649
193929
194241
194516
194830
195118
195363
195648
195937
196226
196500
196790
197091
197380
197640
197894
198184
198466
198748
199033
199317
199565
199867
200122
200388
200671
200952
201233
201510
201766
202028
202301
202572
202855
203142
203426
203702
203980
204259
204535
204811
205116
205413
205698
205979
206249
206531
206804
207086
207376
207682
207966
208239
208508
208782
209058
209349
209641
209933
210216
210493
210772
211046
211323
211612
211908
212193
212465
212738
213021
213286
213565
213853
214154
214424
214699
214970
215242
215520
215807
216098
216394
216669
216951
217219
217512
217785
218078
218376
218664
218934
219211
219492
219773
220055
220355
220652
220938
221217
221486
221767
222039
222332
222628
222912
223188
223462
223733
224008
224285
224564
224874
225154
225432
225706
225983
226253
226540
226821
227104
227386
227667
227928
228197
228476
228764
229055
229339
229620
229899
230174
230445
230721
231012
231314
231600
231875
232151
232403
232696
232972
233262
233544
233818
234100
234379
234643
234916
235190
235507
235792
236066
236352
236624
236887
237161
237437
237741
238027
238301
238574
238847
239106
239382
239674
239956
240222
240488
240772
241028
241281
241558
241813
242075
242335
242593
242842
243095
243350
243608
243864
244135
244406
244691
244946
245208
245476
245752
246024
246312
246606
246900
247159
247432
247700
247977
248258
248548
248835
249119
249398
249669
249933
250237
250518
250814
251121
251404
251670
251954
252249
252543
252830
253118
253411
253697
253970
254246
254541
254848
255132
255412
255701
255992
256257
256532
256816
257114
257397
257670
257931
258187
258438
258698
258964
259240
259500
259772
260035
260289
260547
260813
261092
261375
261652
261931
262203
262480
262747
263020
263311
263598
263887
264177
264462
264734
265019
265310
265607
265903
266196
266488
266775
267059
267339
267634
267936
268221
268504
268783
269061
269345
269630
269918
270214
270507
270785
271058
271331
271619
271912
272201
272491
272796
273082
273354
273643
273932
274222
274519
274814
275091
275361
275634
275909
276193
276480
276750
277061
277350
277615
277883
278175
278479
278777
279057
279340
279499
279872
280172
280453
280758
281072
281363
281626
281915
282193
282476
282760
283055
283344
283633
283907
284177
284449
284719
285033
285326
285613
285883
286171
286446
286727
286995
287295
287617
287908
288171
288465
288754
289035
289314
289607
289933
290209
290499
290759
291071
291365
291656
291950
292241
292527
292809
293083
293380
293671
293953
294258
294527
294811
295104
295371
295659
295979
296281
296573
296835
297124
297403
297682
297976
298297
298591
298884
299166
299446
299716
300010
300316
300622
300903
301174
301451
301746
302025
302303
302600
302906
303201
303464
303736
304022
304319
304597
304881
305172
305461
305668
305999
306295
306583
306902
307195
307475
307709
308012
308313
308582
308870
309173
309476
309742
310012
310293
310584
310869
311157
311449
311746
312022
312292
312566
312784
313151
313467
313762
314050
314318
314625
314915
315203
315504
315803
316094
316384
316655
316938
317226
317519
317745
318105
318401
318691
318971
319164
319545
319864
320150
320456
320749
321035
321330
321606
321925
322219
322533
322804
323085
323388
323674
323985
324300
324598
324894
325178
325444
325743
326045
326354
326658
326938
327237
327527
327817
328091
328415
328699
329017
329286
329567
329872
330175
330479
330763
331066
331374
331665
331948
332242
332544
332859
333142
333443
333732
333999
334294
334582
334905
335205
335498
335772
336055
336352
336641
336936
337240
337517
337824
338100
338376
338681
338988
339287
339578
339887
340159
340436
340724
341035
341337
341642
341921
342232
342510
342767
343071
343352
343664
343937
344242
344504
344807
345087
345378
345661
345978
346271
346539
346774
347095
347415
347720
348004
348323
348604
348899
349164
349448
349746
350071
350370
350656
350943
351225
351441
351766
352074
352365
352673
352950
353201
353505
353790
354089
354366
354677
354979
355264
355528
355802
356121
356419
356702
357005
357290
357573
357846
358144
358439
358728
359045
359327
359606
359865
360143
360430
360726
361013
361302
361588
361857
362127
362411
362693
362988
363277
363569
363838
364130
364411
364693
364984
365290
365599
365872
366156
366439
366739
367021
367323
367632
367920
368207
368493
368786
369067
369367
369673
369971
370241
370517
370810
371089
371363
371660
371967
372261
372519
372799
373087
373387
373666
373957
374262
374554
374818
375085
375373
375673
375956
376243
376535
376822
377041
377368
377650
377964
378272
378570
378849
379122
379394
379693
379983
380271
380573
380860
381136
381411
381687
381972
382268
382569
382854
383144
383399
383703
383985
384277
384555
384875
385170
385450
385729
385993
386306
386609
386900
387198
387496
387779
388032
388335
388629
388940
389235
389523
389818
390112
390397
390689
390999
391292
391587
391869
392164
392452
392738
393039
393338
393634
393902
394207
394468
394746
395040
395344
395647
395934
396229
396496
396807
397097
397261
397645
397967
398257
398530
398806
399102
399379
399668
399986
400281
400564
400838
401124
401397
401716
402022
402320
402609
402879
403178
403468
403749
404061
404362
404661
404925
405215
405504
405778
406094
406367
406662
406967
407250
407515
407812
408108
408408
408703
408993
409277
409557
409842
410140
410409
410739
411014
411307
411594
411861
412165
412474
412776
413053
413360
413652
413929
414192
414482
414806
415109
415378
415653
415955
416221
416514
416792
417109
417387
417675
417953
418220
418536
418808
419099
419413
419703
419988
420257
420547
420832
421113
421429
421723
421958
422275
422551
422782
423128
423420
423724
424025
424302
424576
424854
425151
425452
425748
426042
426340
426622
426893
427182
427486
427785
428092
428378
428653
428954
429225
429521
429822
430125
430429
430716
430996
431279
431577
431866
432170
432469
432757
433044
433326
433599
433781
434153
434473
434775
435057
435329
435621
435894
436089
436451
436780
437079
437361
437642
437923
438228
438530
438808
439102
439414
439701
439982
440273
440580
440891
441191
441463
441775
442069
442366
442576
442953
443262
443568
443835
444139
444431
444673
445005
445322
445621
445908
446174
446469
446757
447061
447359
447637
447929
448209
448508
448796
449098
449398
449705
449981
450286
450569
450855
451148
451466
451765
452065
452336
452638
452918
453192
453506
453792
454116
454405
454604
454946
455247
455547
455828
456149
456445
456731
456994
457293
457592
457899
458136
458485
458777
459063
459327
459628
459904
460235
460533
460802
461110
461396
461686
461954
462275
462583
462880
463144
463447
463712
463995
464291
464624
464901
465201
465486
465765
466059
466350
466650
466955
467274
467550
467839
468109
468419
468720
469022
469307
469625
469905
470168
470488
470794
471084
471401
471671
471977
472265
472552
472845
473162
473460
473750
474036
474322
474616
474887
475197
475509
475811
476083
476364
476667
476959
477266
477562
477862
478155
478430
478719
479001
479284
479592
479891
480181
480455
480740
481005
481305
481602
481904
482194
482469
482756
483031
483293
483579
483893
484181
484452
484747
485036
485315
485599
485882
486212
486518
486791
487091
487386
487680
487976
488282
488592
488891
489162
489442
489751
490049
490354
490655
490956
491247
491515
491810
492103
492403
492708
493007
493295
493587
493875
494141
494451
494747
495040
495314
495594
495887
496156
496457
496658
497041
497318
497625
497893
498192
498480
498768
499061
499374
499664
499950
500212
500495
500808
501089
501405
501689
501999
502277
502544
502844
503147
503456
503755
504040
504333
504628
504882
505170
505485
505788
506068
506347
506623
506931
507219
507503
507813
508119
508415
508707
508982
509279
509585
509887
510166
510482
510767
511056
511326
511618
511931
512237
512526
512811
513083
513383
513680
513959
514280
514588
514864
515143
515430
515722
516022
516335
516612
516931
517239
517496
517776
518086
518384
518695
518989
519255
519558
519843
520108
520408
520732
520952
521305
521588
521872
522169
522455
522758
523061
523377
523670
523958
524226
524537
524849
525157
525456
525735
526014
526317
526606
526899
527202
527506
527782
528063
528348
528650
528933
529251
529562
529858
530135
530433
530705
531014
531318
531624
531928
532202
532505
532776
533081
533374
533679
533956
534268
534553
534835
535115
535402
535731
536010
536307
536605
536873
537172
537464
537752
538058
538368
538662
538961
539238
539537
539832
540114
540414
540733
541000
541289
541584
541875
542176
542495
542787
543053
543367
543636
543927
544243
544551
544853
545145
545401
545701
545986
546268
546542
546608
546926
547443
547696
547993
548294
548589
548882
549174
549451
549739
550030
550310
550597
550891
551211
551491
551775
552060
552346
552641
552934
553241
553551
553840
554101
554399
554686
554985
555284
555577
555875
556152
556451
556725
557003
557302
557625
557922
558188
558486
558778
559064
559339
559641
559943
560257
560537
560794
561100
561397
561693
561963
562263
562554
562756
563102
563382
563689
563974
564265
564539
564840
565109
565414
565700
565982
566215
566580
566846
567145
567320
567682
567986
568267
568584
568881
569167
569444
569724
570002
570324
570612
570919
571206
571500
571791
572080
572369
572693
572983
573277
573571
573852
574134
574380
574733
575037
575348
575622
575914
576213
576508
576822
577103
577414
577687
577969
578270
578545
578867
579166
579407
579739
580035
580320
580609
580890
581211
581487
581796
582085
582358
582624
582793
583044
583481
583772
584059
584326
584582
584866
585136
585396
585696
585975
586237
586487
586735
586992
587259
587531
587801
588073
588337
588606
588861
589138
589416
589701
589999
590278
590550
590816
591103
591379
591664
591960
592248
592532
592800
593023
593350
593642
593948
594238
594523
594817
595089
595363
595651
595951
596236
596530
596839
597098
597362
597629
597891
598152
598412
598676
598929
599182
599428
599668
599915
600176
600444
600700
600955
601240
601497
601750
602022
602289
602566
602856
603138
603415
603681
603947
604236
604520
604804
605103
605420
605699
605970
606257
606546
606841
607137
607421
607726
608005
608273
608519
608814
609095
609367
609659
609950
610221
610504
610785
611066
611342
611653
611945
612213
612494
612782
613067
613359
613636
613942
614218
614501
614779
615060
615331
615636
615926
616213
616488
616764
617047
617331
617617
617909
618205
618490
618759
619042
619323
619613
619911
620207
620501
620788
621065
621331
621596
621905
622206
622504
622769
623044
623322
623602
623878
624130
624445
624724
625008
625255
625542
625813
626099
626370
626658
626962
627239
627514
627773
628050
628336
628629
628939
629113
629438
629723
629973
630234
630521
630796
631068
631340
631587
631853
632119
632374
632648
632918
633193
633457
633732
633989
634253
634500
634788
635067
635353
635645
635928
636198
636482
636777
637064
637362
637663
637961
638247
638522
638790
639100
639390
639691
639990
640292
640579
640863
641122
641435
641735
642010
642289
642569
642841
643139
643399
643689
643966
644237
644507
644754
645005
645264
645536
645824
646087
646335
646621
646872
647114
647375
647614
647896
648168
648438
648700
648943
649195
649446
649701
