293
610
890
1139
1457
1752
1968
2319
2649
2943
3228
3482
3803
4108
4409
4683
4979
5293
5577
5863
6155
6467
6764
7047
7335
7586
7898
8189
8481
8779
9068
9376
9654
9918
10226
10530
10839
11109
11425
11724
12008
12293
12560
12892
13204
13482
13790
14049
14370
14655
14950
15253
15550
15820
16130
16412
16695
16998
17301
17600
17889
18168
18455
18738
19009
19326
19636
19933
20191
20497
20779
21073
21368
21670
21968
22265
22525
22825
23081
23392
23695
23997
24289
24570
24858
25141
25430
25722
26026
26330
26617
26898
27184
27454
27746
28074
28372
28668
28956
29238
29528
29815
30123
30429
30722
30985
31291
31578
31841
32167
32470
32779
33073
33350
33636
33922
34188
34517
34815
35111
35399
35682
35961
36238
36546
36855
37156
37443
37725
38016
38275
38593
38867
39192
39463
39767
40040
40326
40620
40887
41213
41510
41767
42059
42361
42643
42938
43247
43547
43834
44101
44372
44685
44972
45265
45569
45869
46150
46427
46702
46980
47273
47573
47865
48124
48431
48708
48985
49265
49559
49864
50157
50417
50718
50999
51280
51566
51840
52157
52423
52728
53007
53284
53542
53864
54159
54423
54704
55008
55292
55566
55850
56145
56442
56703
57002
57280
57551
57842
58135
58431
58727
59020
59301
59578
59864
60153
60458
60756
61050
61308
61624
61909
62193
62490
62794
63095
63357
63656
63941
64233
64524
64793
65117
65408
65693
65972
66254
66545
66759
67071
67376
67672
67953
68244
68511
68802
69103
69447
69740
69993
70300
70585
70882
71183
71482
71786
72084
72364
72649
72941
73242
73551
73853
74142
74428
74712
74906
75253
75575
75875
76178
76458
76734
76990
77308
77604
77865
78195
78458
78744
79045
79328
79629
79935
80208
80530
80815
81097
81383
81648
81945
82269
82580
82880
83133
83414
83736
84044
84323
84626
84954
85230
85528
85802
86112
86406
86696
87023
87283
87567
87882
88176
88470
88775
89053
89367
89625
89933
90230
90527
90826
91129
91425
91681
91968
92281
92572
92858
93188
93479
93766
94047
94339
94610
94940
95224
95550
95838
96113
96368
96687
96987
97275
97587
97878
98172
98453
98734
99024
99320
99503
99852
100164
100440
100725
101013
101301
101596
101883
102177
102461
102738
103017
103315
103579
103904
104203
104490
104773
105041
105330
105622
105956
106257
106545
106802
107078
107396
107692
107960
108284
108561
108843
109145
109428
109716
109990
110314
110614
110904
111190
111468
111754
112046
112344
112625
112920
113225
113482
113791
114084
114345
114658
114940
115222
115493
115735
116025
116283
116570
116881
117162
117440
117712
117985
118262
118550
118847
119156
119456
119735
120021
120317
120618
120928
121237
121546
121832
122116
122401
122691
122989
123302
123604
123879
124160
124447
124720
124996
125297
125587
125869
126115
126418
126685
126963
127242
127544
127834
128011
128364
128642
128900
129169
129459
129735
129996
130261
130512
130761
131016
131269
131524
131787
132060
132321
132572
132826
133077
133331
133598
133873
134137
134404
134679
134933
135187
135449
135723
136002
136288
136573
136843
137116
137392
137672
137948
138244
138536
138827
139110
139386
139662
139951
140215
140537
140820
141094
141365
141628
141886
142148
142418
142688
142954
143208
143459
143706
143966
144227
144499
144772
145052
145326
145591
145849
146113
146386
146673
146952
147231
147508
147777
148041
148305
148577
148852
149142
149434
149710
149972
150241
150519
150792
151064
151351
151638
151912
152181
152454
152725
153007
153299
153584
153859
154134
154415
154686
154950
155229
155525
155804
156074
156340
156593
156847
157110
157368
157634
157898
158171
158430
158673
158918
159170
159418
159677
159938
160203
160447
160706
160948
161198
161442
161702
161971
162249
162514
162780
163035
163307
163571
163833
164120
164404
164670
164935
165188
165443
165695
165970
166242
166511
166782
167054
167316
167581
167853
168132
168424
168726
169015
169293
169573
169849
170139
170433
170655
171016
171291
171569
171865
172142
172408
172690
173007
173269
173573
173837
174121
174370
174675
174948
175263
175528
175809
176089
176345
176641
176919
177167
177469
177738
177978
178237
178522
178783
179060
179331
179602
179871
180127
180389
180649
180904
181176
181463
181754
182027
182297
182569
182838
183119
183412
183720
184011
184305
184593
184877
185154
185450
185765
186076
186371
186659
186935
187236
187496
187817
188119
188420
188706
188989
189250
189529
189869
190158
190472
190764
191058
191340
191613
191915
192220
192495
192806
193092
193339
193616
193908
194222
194488
194811
195101
195345
195633
195920
196208
196473
196773
197073
197361
197632
197867
198165
198444
198731
199016
199298
199541
199836
200103
200380
200650
200935
201212
201485
201747
202009
202282
202555
202835
203120
203406
203681
203961
204242
204516
204792
205096
205394
205678
205960
206232
206509
206787
207067
207357
207663
207948
208221
208491
208764
209038
209331
209623
209914
210198
210476
210753
211028
211306
211592
211889
212168
212446
212721
213000
213267
213546
213833
214117
214406
214680
214952
215224
215500
215787
216081
216371
216651
216933
217213
217490
217766
218059
218357
218647
218916
219191
219472
219755
220037
220329
220633
220920
221199
221469
221749
222020
222314
222604
222893
223168
223452
223726
223988
224267
224557
224854
225136
225415
225688
225965
226235
226514
226802
227086
227369
227648
227920
228180
228457
228746
229036
229316
229601
229880
230155
230423
230701
230995
231296
231580
231863
232132
232371
232671
232953
233244
233525
233791
234092
234358
234624
234899
235175
235484
235769
236047
236331
236606
236870
237145
237412
237722
238009
238284
238553
238826
239099
239375
239649
239937
240205
240481
240753
241009
241260
241527
241795
242056
242314
242574
242821
243075
243331
243589
243845
244128
244374
244672
244928
245190
245456
245734
246006
246292
246588
246879
247142
247410
247683
247957
248239
248528
248819
249101
249378
249649
249909
250213
250502
250797
251104
251387
251653
251936
252230
252526
252809
253100
253402
253689
253959
254224
254522
254828
255110
255394
255684
255974
256237
256515
256797
257096
257379
257654
257912
258169
258419
258678
258945
259217
259482
259751
260018
260282
260529
260794
261068
261353
261631
261911
262185
262457
262729
263002
263289
263579
263869
264161
264445
264716
265001
265291
265589
265884
266178
266470
266759
267041
267315
267617
267917
268198
268485
268765
269043
269328
269612
269898
270193
270488
270768
271036
271313
271599
271893
272182
272473
272778
273065
273337
273617
273911
274204
274500
274792
275073
275343
275615
275892
276175
276458
276743
277043
277332
277592
277865
278156
278460
278754
279040
279323
279478
279865
280155
280425
280729
281052
281345
281598
281899
282176
282458
282743
283036
283334
283616
283889
284160
284432
284702
285014
285305
285595
285856
286154
286430
286707
286963
287264
287600
287889
288155
288447
288734
289019
289283
289582
289912
290202
290483
290735
291053
291346
291639
291933
292223
292511
292792
293067
293356
293654
293935
294238
294501
294803
295086
295342
295633
295955
296262
296555
296809
297114
297394
297656
297947
298278
298567
298862
299148
299429
299698
299992
300298
300604
300885
301152
301433
301725
302006
302285
302581
302889
303184
303447
303717
304004
304300
304578
304864
305154
305443
305629
305977
306277
306552
306885
307177
307456
307683
308005
308293
308563
308852
309155
309457
309725
309994
310275
310565
310850
311138
311431
311722
312004
312273
312546
312759
313134
313449
313753
314033
314290
314608
314893
315186
315485
315784
316077
316357
316638
316920
317208
317501
317719
318088
318383
318672
318956
319146
319525
319845
320124
320441
320732
321017
321312
321591
321909
322192
322515
322777
323059
323371
323646
323961
324285
324580
324874
325160
325429
325726
326028
326337
326641
326931
327219
327510
327798
328076
328391
328669
328999
329261
329541
329854
330156
330463
330736
331035
331357
331648
331931
332225
332526
332840
333117
333426
333716
333974
334264
334568
334887
335188
335489
335755
336048
336328
336625
336916
337222
337491
337806
338092
338369
338664
338968
339268
339550
339869
340151
340410
340699
341019
341319
341625
341893
342211
342493
342742
343054
343339
343646
343913
344226
344487
344788
345070
345357
345645
345961
346254
346516
346745
347060
347398
347701
347979
348307
348577
348879
349140
349431
349718
350054
350351
350636
350921
351208
351406
351739
352056
352358
352656
352934
353175
353487
353773
354070
354341
354661
354959
355247
355501
355776
356104
356401
356675
356988
357271
357555
357823
358128
358422
358700
359028
359308
359578
359848
360126
360413
360707
360995
361284
361570
361839
362110
362394
362683
362967
363258
363548
363819
364101
364393
364674
364966
365271
365582
365853
366133
366423
366720
367003
367306
367615
367901
368189
368475
368766
369048
369350
369656
369953
370222
370499
370785
371071
371344
371642
371947
372242
372502
372780
373066
373369
373648
373938
374242
374537
374799
375068
375355
375654
375937
376225
376517
376803
377002
377350
377619
377947
378249
378550
378827
379105
379385
379674
379966
380253
380555
380842
381117
381394
381669
381954
382251
382549
382837
383127
383373
383684
383968
384259
384528
384858
385152
385432
385712
385966
386287
386590
386881
387179
387477
387756
388006
388317
388612
388919
389218
389505
389801
390094
390379
390671
390981
391285
391557
391844
392147
392435
392722
393020
393321
393618
393887
394189
394438
394728
395021
395315
395640
395909
396214
396472
396789
397076
397238
397618
397949
398240
398514
398798
399084
399362
399643
399968
400263
400546
400822
401108
401374
401699
402005
402301
402591
402851
403158
403449
403718
404042
404343
404643
404899
405199
405485
405761
406075
406351
406636
406949
407231
407508
407789
408092
408390
408684
408976
409260
409541
409825
410119
410391
410723
410990
411297
411578
411837
412148
412454
412756
413025
413344
413634
413911
414165
414474
414789
415085
415350
415625
415935
416191
416497
416761
417092
417362
417649
417931
418202
418517
418782
419073
419394
419686
419965
420247
420528
420813
421086
421411
421705
421930
422268
422521
422752
423108
423402
423708
424007
424285
424559
424836
425129
425433
425730
426025
426322
426605
426886
427166
427463
427768
428073
428361
428645
428934
429218
429505
429805
430107
430412
430700
430979
431260
431559
431850
432152
432452
432740
433024
433309
433593
433762
434124
434455
434751
435040
435314
435600
435886
436077
436425
436763
437061
437343
437626
437906
438209
438512
438780
439074
439397
439683
439965
440256
440562
440873
441174
441436
441757
442052
442349
442542
442937
443245
443553
443807
444119
444414
444644
444982
445305
445601
445892
446148
446451
446740
447043
447343
447612
447891
448186
448492
448779
449081
449381
449684
449957
450270
450550
450838
451132
451442
451746
452047
452320
452620
452902
453162
453489
453766
454094
454388
454594
454922
455238
455530
455804
456130
456428
456713
456979
457276
457575
457881
458102
458465
458760
459045
459302
459609
459877
460218
460517
460772
461092
461378
461664
461926
462255
462559
462862
463120
463424
463683
463974
464269
464607
464877
465184
465469
465742
466050
466322
466624
466924
467251
467532
467822
468091
468400
468701
469004
469280
469609
469888
470148
470471
470776
471077
471384
471653
471960
472248
472534
472829
473144
473443
473733
474027
474305
474593
474858
475180
475489
475795
476061
476347
476650
476941
477249
477546
477842
478138
478424
478703
478984
479275
479573
479873
480160
480438
480723
480987
481289
481585
481883
482185
482441
482749
483013
483263
483553
483874
484163
484427
484730
485017
485298
485583
485855
486194
486500
486771
487075
487368
487662
487959
488261
488573
488874
489135
489414
489733
490032
490337
490637
490938
491231
491499
491794
492086
492385
492690
492990
493286
493569
493858
494125
494431
494728
495023
495299
495568
495869
496148
496439
496622
497014
497291
497607
497864
498175
498458
498749
499040
499355
499645
499929
500187
500469
500790
501062
501385
501662
501981
502258
502518
502828
503129
503439
503737
504023
504315
504596
504857
505143
505466
505770
506041
506320
506598
506914
507202
507496
507796
508102
508399
508690
508966
509262
509565
509869
510140
510464
510750
511037
511318
511601
511911
512217
512510
512794
513056
513366
513663
513927
514258
514569
514838
515138
515421
515704
516004
516313
516587
516912
517209
517471
517750
518068
518366
518676
518971
519230
519537
519827
520090
520378
520713
520915
521286
521571
521856
522150
522430
522732
523031
523361
523652
523940
524197
524520
524831
525139
525438
525726
525988
526299
526589
526882
527183
527489
527757
528037
528324
528632
528907
529234
529544
529840
530108
530415
530680
530996
531299
531607
531910
532179
532487
532747
533063
533355
533656
533936
534258
534534
534818
535106
535377
535712
535982
536280
536589
536847
537155
537447
537723
538032
538353
538654
538939
539221
539518
539815
540088
540394
540714
540976
541280
541568
541858
542169
542474
542767
543045
543350
543613
543899
544226
544533
544835
545128
545377
545684
545965
546248
546512
546589
546908
547426
547681
547977
548275
548572
548865
549155
549444
549730
550013
550293
550580
550864
551193
551474
551758
552039
552328
552625
552917
553222
553531
553823
554070
554382
554668
554964
555266
555560
555857
556124
556432
556708
556972
557277
557607
557905
558171
558470
558757
559047
559312
559611
559912
560236
560520
560767
561083
561377
561674
561946
562254
562534
562748
563085
563366
563669
563947
564248
564521
564832
565083
565396
565682
565954
566177
566563
566822
567127
567302
567663
567967
568240
568566
568860
569151
569426
569706
569975
570305
570594
570902
571188
571482
571774
572064
572344
572677
572956
573252
573553
573836
574126
574363
574704
575008
575331
575615
575905
576195
576489
576805
577077
577397
577671
577940
578254
578520
578846
579148
579381
579708
580018
580301
580590
580861
581188
581458
581779
582075
582342
582614
582772
583029
583453
583764
584042
584307
584557
584846
585117
585388
585673
585958
586219
586469
586717
586974
587240
587513
587783
588054
588319
588589
588853
589122
589395
589683
589980
590260
590531
590810
591086
591361
591644
591940
592226
592515
592773
592991
593332
593625
593931
594228
594505
594799
595070
595346
595633
595933
596217
596524
596821
597079
597343
597612
597869
598124
598393
598651
598909
599164
599409
599647
599893
600153
600423
600677
600948
601216
601480
601744
602005
602271
602548
602835
603120
603396
603662
603929
604219
604501
604786
605084
605401
605681
605952
606235
606527
606819
607118
607393
607707
607987
608254
608511
608794
609074
609343
609632
609933
610202
610482
610767
611047
611332
611634
611928
612196
612486
612762
613048
613342
613610
613925
614200
614482
614763
615035
615315
615615
615909
616196
616471
616749
617029
617312
617599
617890
618188
618472
618749
619025
619307
619594
619895
620189
620483
620772
621047
621324
621580
621888
622187
622483
622744
623036
623314
623583
623861
624117
624424
624706
624990
625231
625524
625794
626080
626348
626630
626939
627223
627497
627750
628026
628309
628597
628921
629081
629418
629707
629945
630226
630500
630778
631049
631323
631559
631846
632101
632357
632630
632899
633173
633438
633709
633971
634231
634491
634770
635048
635334
635625
635910
636180
636464
636756
637048
637341
637643
637941
638228
638513
638767
639083
639364
639661
639973
640275
640561
640844
641095
641418
641718
641984
642254
642562
642833
643106
643381
643666
643946
644229
644491
644748
644984
645249
645526
645807
646078
646308
646611
646865
647091
647358
647584
647876
648146
648414
648678
648924
649176
649429
649679
