38
350
644
924
1212
1495
1790
2024
2382
2687
2979
3264
3541
3843
4145
4446
4745
5041
5327
5611
5899
6195
6507
6786
7087
7369
7651
7933
8224
8520
8817
9122
9411
9692
9977
10261
10568
10874
11173
11461
11761
12048
12328
12626
12929
13242
13544
13823
14111
14377
14691
14991
15290
15587
15880
16162
16418
16718
17038
17339
17636
17912
18205
18491
18773
19061
19368
19672
19970
20236
20536
20817
21113
21403
21710
22009
22302
22584
22862
23145
23434
23737
24032
24326
24607
24866
25178
25465
25759
26064
26367
26625
26906
27191
27517
27813
28110
28410
28707
28991
29275
29533
29853
30162
30467
30760
31046
31329
31614
31907
32203
32508
32815
33106
33385
33671
33957
34254
34554
34850
35148
35437
35718
35998
36288
36585
36896
37196
37481
37763
38053
38337
38627
38931
39230
39526
39805
40077
40362
40655
40951
41248
41547
41831
42097
42396
42676
42976
43286
43584
43872
44152
44435
44724
45011
45302
45607
45890
46183
46433
46740
47017
47314
47608
47899
48183
48465
48745
49022
49303
49598
49903
50194
50473
50752
51037
51317
51601
51901
52195
52486
52766
53045
53322
53609
53902
54200
54488
54766
55046
55298
55603
55888
56184
56482
56764
57009
57287
57593
57880
58171
58470
58768
59058
59336
59613
59897
60178
60493
60798
61086
61372
61660
61942
62228
62527
62829
63132
63420
63692
63979
64268
64560
64856
65156
65445
65731
66008
66288
66584
66773
67109
67413
67707
67989
68283
68571
68851
69171
69482
69777
70054
70338
70624
70921
71219
71520
71826
72119
72399
72684
72979
73282
73585
73889
74176
74465
74749
74967
75314
75615
75913
76214
76496
76767
77054
77346
77644
77935
78232
78519
78805
79081
79367
79669
79972
80271
80564
80850
81132
81419
81711
82011
82314
82617
82906
83190
83472
83775
84080
84388
84686
84990
85279
85560
85851
86152
86458
86761
87059
87345
87632
87922
88212
88509
88813
89114
89403
89685
89953
90266
90550
90864
91169
91459
91743
92026
92317
92613
92918
93226
93514
93786
94083
94373
94673
94976
95276
95587
95875
96150
96432
96723
97029
97330
97623
97915
98210
98490
98771
99063
99361
99555
99912
100197
100477
100762
101048
101339
101634
101922
102215
102498
102771
103054
103350
103647
103939
104242
104524
104796
105099
105386
105687
105994
106292
106580
106863
107140
107431
107728
108024
108323
108625
108906
109153
109466
109752
110056
110355
110654
110941
111198
111505
111791
112089
112383
112690
112980
113262
113523
113827
114121
114409
114695
114976
115260
115528
115795
116064
116349
116634
116916
117183
117473
117748
118025
118304
118587
118891
119192
119491
119769
120058
120356
120656
120967
121276
121585
121869
122151
122438
122731
123030
123340
123643
123918
124199
124487
124757
125040
125333
125629
125907
126184
126458
126727
127006
127295
127583
127870
128058
128388
128661
128939
129207
129500
129773
130036
130299
130549
130796
131055
131307
131565
131829
132102
132359
132610
132864
133114
133370
133643
133914
134160
134444
134717
134970
135224
135485
135761
136042
136331
136610
136881
137152
137415
137707
137988
138284
138577
138866
139145
139420
139701
139990
140280
140579
140862
141129
141400
141664
141906
142182
142460
142727
142990
143247
143497
143747
144003
144262
144539
144810
145092
145364
145629
145857
146149
146426
146711
146993
147269
147546
147814
148078
148342
148618
148896
149183
149470
149749
150011
150280
150556
150830
151103
151388
151679
151955
152218
152491
152762
153048
153340
153624
153896
154173
154451
154723
154990
155267
155567
155844
156114
156376
156629
156886
157134
157409
157676
157937
158211
158466
158710
158954
159206
159461
159717
159981
160239
160487
160735
160983
161232
161477
161745
162015
162289
162554
162817
163074
163343
163610
163880
164163
164426
164711
164973
165227
165478
165737
166010
166281
166551
166823
167089
167352
167623
167893
168171
168464
168763
169055
169331
169608
169886
170182
170471
170697
171055
171351
171630
171902
172181
172461
172756
173048
173330
173603
173888
174157
174432
174718
174984
175302
175586
175858
176125
176408
176677
176954
177229
177505
177775
178040
178297
178554
178821
179098
179368
179641
179905
180164
180397
180686
180944
181217
181503
181792
182066
182332
182604
182876
183161
183454
183757
184049
184342
184630
184915
185194
185489
185807
186118
186404
186697
186982
187245
187555
187853
188159
188460
188740
188997
189311
189605
189906
190207
190510
190801
191093
191374
191651
191956
192260
192553
192843
193128
193403
193683
193974
194262
194555
194847
195136
195405
195681
195959
196249
196540
196824
197110
197395
197639
197928
198204
198484
198772
199056
199334
199600
199874
200139
200387
200691
200971
201251
201526
201787
202049
202320
202591
202875
203162
203448
203722
204002
204281
204552
204834
205138
205432
205718
205997
206270
206548
206824
207110
207401
207701
207985
208256
208513
208803
209063
209373
209664
209953
210235
210513
210790
211064
211345
211634
211931
212209
212483
212757
213037
213306
213587
213876
214161
214445
214720
214986
215260
215543
215828
216122
216412
216691
216970
217234
217528
217804
218102
218395
218682
218954
219228
219508
219792
220076
220373
220671
220958
221234
221507
221785
222062
222355
222647
222930
223208
223461
223764
224027
224306
224602
224896
225176
225452
225724
226001
226276
226551
226842
227123
227406
227683
227956
228220
228496
228769
229075
229357
229640
229915
230195
230466
230742
231038
231333
231619
231894
232172
232438
232713
232994
233283
233569
233856
234128
234397
234665
234934
235231
235525
235808
236071
236371
236642
236905
237184
237476
237764
238049
238325
238590
238865
239135
239398
239698
239976
240244
240512
240789
241046
241300
241567
241837
242095
242355
242597
242861
243113
243369
243624
243889
244168
244442
244711
244966
245226
245496
245771
246044
246327
246629
246916
247180
247448
247704
247997
248280
248568
248859
249137
249414
249687
249959
250253
250537
250838
251140
251423
251689
251975
252267
252562
252848
253140
253410
253696
253990
254263
254565
254869
255150
255434
255719
256008
256276
256553
256838
257135
257420
257676
257947
258207
258457
258719
258969
259260
259522
259792
260039
260288
260567
260832
261113
261397
261671
261948
262222
262497
262770
263040
263330
263619
263911
264199
264480
264752
265041
265333
265628
265907
266219
266509
266795
267076
267356
267659
267959
268239
268523
268805
269083
269363
269651
269938
270236
270527
270802
271076
271351
271637
271932
272220
272515
272818
273104
273376
273656
273948
274244
274541
274834
275108
275384
275653
275928
276216
276497
276782
277081
277368
277630
277904
278192
278499
278794
279078
279363
279557
279871
280188
280491
280795
281090
281383
281663
281920
282199
282494
282777
283076
283343
283653
283925
284197
284468
284755
285054
285343
285633
285917
286191
286464
286743
287031
287330
287634
287924
288206
288487
288772
289057
289353
289647
289950
290238
290519
290795
291087
291383
291676
291970
292262
292548
292826
293088
293392
293692
293991
294276
294562
294810
295120
295402
295697
295993
296299
296592
296870
297123
297402
297719
298013
298314
298608
298900
299170
299465
299737
300032
300332
300643
300920
301191
301474
301753
302042
302327
302621
302927
303218
303483
303753
304042
304339
304619
304904
305191
305478
305687
306016
306318
306602
306920
307215
307495
307727
308040
308330
308605
308892
309196
309494
309762
310030
310314
310603
310894
311178
311467
311764
312043
312309
312586
312804
313170
313488
313761
314068
314353
314646
314933
315225
315522
315823
316116
316396
316675
316957
317246
317541
317763
318126
318419
318710
318992
319204
319566
319881
320185
320460
320768
321053
321353
321644
321930
322255
322554
322837
323090
323407
323709
324007
324319
324618
324910
325197
325476
325763
326068
326373
326663
326954
327256
327545
327836
328129
328432
328734
329035
329320
329600
329893
330195
330505
330799
331100
331392
331684
331967
332259
332568
332878
333180
333461
333749
334037
334328
334623
334924
335229
335497
335804
336054
336367
336660
336960
337260
337552
337841
338099
338407
338699
339005
339293
339613
339906
340158
340470
340760
341055
341359
341660
341956
342247
342526
342803
343076
343387
343684
343975
344259
344529
344822
345110
345395
345699
345997
346289
346578
346785
347125
347435
347740
348041
348347
348637
348915
349197
349481
349780
350093
350391
350673
350960
351246
351463
351801
352095
352396
352692
352969
353238
353524
353812
354106
354388
354699
354996
355283
355533
355839
356145
356439
356738
357027
357306
357591
357881
358165
358444
358768
359067
359343
359614
359884
360161
360452
360744
361032
361321
361605
361875
362142
362431
362712
363007
363299
363586
363859
364138
364428
364710
365003
365311
365617
365892
366171
366460
366758
367045
367344
367655
367940
368228
368513
368805
369088
369389
369696
369989
370260
370538
370824
371112
371383
371684
371986
372278
372539
372815
373104
373408
373687
373980
374280
374575
374834
375106
375394
375695
375978
376267
376557
376841
377059
377385
377668
377985
378289
378588
378866
379140
379393
379710
380001
380293
380591
380878
381155
381433
381703
381991
382289
382587
382876
383162
383434
383721
384008
384295
384595
384896
385187
385467
385750
386031
386328
386628
386922
387217
387514
387793
388066
388353
388649
388959
389255
389544
389839
390131
390416
390711
391017
391322
391622
391905
392184
392474
392760
393058
393358
393654
393939
394225
394501
394781
395076
395379
395662
395969
396250
396533
396827
397113
397313
397684
397988
398275
398551
398805
399120
399413
399708
400003
400298
400580
400858
401144
401433
401735
402041
402340
402627
402914
403196
403488
403783
404080
404384
404678
404962
405234
405523
405816
406111
406404
406696
406985
407265
407514
407828
408131
408431
408720
409010
409295
409578
409862
410157
410457
410760
411033
411306
411613
411897
412186
412491
412793
413089
413383
413672
413945
414229
414517
414827
415123
415383
415685
415974
416254
416536
416828
417127
417426
417711
417973
418262
418555
418846
419136
419433
419723
420003
420256
420565
420850
421154
421453
421743
421976
422274
422584
422799
423145
423426
423729
424043
424320
424597
424872
425168
425469
425769
426059
426361
426641
426892
427204
427504
427807
428109
428394
428652
428972
429255
429539
429846
430145
430449
430735
431013
431296
431595
431890
432189
432489
432780
433062
433346
433629
433822
434188
434493
434791
435075
435352
435639
435932
436130
436488
436800
437097
437381
437663
437943
438248
438549
438846
439138
439435
439717
440001
440291
440603
440914
441209
441495
441795
442088
442387
442604
442973
443285
443587
443870
444156
444453
444686
445039
445340
445638
445929
446208
446486
446775
447082
447381
447671
447961
448244
448529
448814
449116
449419
449725
450018
450306
450588
450875
451173
451481
451786
452082
452372
452658
452936
453228
453521
453833
454132
454425
454632
454978
455247
455568
455868
456168
456462
456750
457016
457314
457612
457918
458149
458505
458796
459083
459362
459645
459944
460255
460551
460836
461127
461413
461702
461992
462291
462599
462900
463177
463460
463745
464030
464341
464643
464940
465238
465520
465800
466058
466385
466688
466992
467289
467569
467859
468143
468439
468742
469041
469341
469640
469923
470211
470510
470816
471119
471422
471708
471999
472285
472570
472866
473181
473480
473769
474053
474340
474633
474921
475218
475527
475831
476118
476398
476686
476980
477288
477582
477878
478175
478461
478737
479020
479311
479614
479912
480198
480475
480760
481038
481322
481620
481922
482193
482505
482755
483052
483331
483613
483910
484198
484482
484766
485053
485332
485621
485920
486233
486538
486821
487111
487402
487699
487995
488301
488611
488912
489195
489478
489769
490070
490373
490675
490973
491268
491551
491830
492124
492425
492729
493026
493294
493605
493895
494180
494471
494767
495065
495335
495630
495905
496155
496478
496693
497054
497353
497635
497926
498211
498496
498792
499095
499394
499682
499967
500241
500530
500825
501126
501425
501727
502015
502293
502582
502858
503170
503475
503774
504058
504350
504635
504916
505207
505509
505810
506105
506378
506660
506948
507237
507533
507836
508138
508436
508724
509001
509299
509603
509905
510202
510499
510784
511074
511325
511640
511949
512256
512544
512833
513114
513405
513698
513995
514297
514606
514899
515172
515429
515739
516045
516352
516647
516950
517247
517533
517812
518105
518406
518714
519007
519289
519575
519864
520129
520443
520748
520962
521323
521610
521877
522189
522492
522793
523095
523397
523686
523979
524260
524556
524870
525177
525473
525734
526045
526336
526624
526922
527223
527529
527820
528098
528384
528670
528971
529256
529579
529877
530172
530452
530741
531036
531337
531648
531948
532238
532525
532781
533099
533397
533697
533992
534288
534570
534853
535114
535423
535748
536047
536342
536624
536909
537192
537485
537786
538093
538402
538661
538975
539242
539555
539852
540153
540451
540749
541033
541288
541589
541894
542192
542510
542806
543095
543388
543669
543964
544262
544568
544876
545162
545434
545721
546003
546286
546578
546673
547180
547461
547739
548012
548314
548613
548907
549195
549482
549738
550048
550330
550616
550928
551230
551513
551792
552077
552366
552659
552953
553260
553569
553858
554132
554419
554704
555007
555289
555594
555893
556184
556468
556746
557037
557341
557648
557942
558220
558504
558794
559080
559359
559676
559976
560274
560555
560828
561121
561414
561709
562000
562262
562572
562794
563118
563401
563710
564011
564302
564581
564839
565145
565434
565721
566021
566240
566595
566881
567163
567360
567701
568005
568287
568604
568898
569185
569461
569741
570039
570342
570649
570938
571227
571517
571809
572101
572408
572711
573019
573308
573590
573874
574173
574410
574766
575076
575367
575658
575913
576229
576529
576843
577143
577433
577722
578003
578274
578578
578881
579184
579429
579771
580054
580338
580628
580927
581226
581523
581814
582101
582363
582623
582901
583218
583519
583803
584077
584345
584617
584884
585156
585434
585711
585992
586257
586506
586753
587011
587277
587536
587820
588091
588358
588623
588860
589155
589435
589727
590019
590297
590570
590844
591125
591397
591684
591977
592268
592552
592832
593034
593367
593661
593971
594258
594543
594835
595107
595382
595671
595973
596259
596564
596858
597117
597375
597651
597906
598165
598418
598693
598949
599201
599449
599685
599933
600181
600461
600718
600987
601254
601517
601779
602039
602311
602587
602874
603160
603436
603700
603968
604241
604544
604823
605125
605437
605718
605989
606273
606563
606860
607155
607455
607744
608024
608289
608557
608832
609114
609405
609696
609967
610243
610509
610803
611070
611379
611675
611966
612245
612493
612800
613088
613379
613673
613962
614241
614520
614797
615071
615350
615641
615949
616230
616505
616784
617063
617347
617636
617928
618228
618509
618758
619061
619343
619633
619933
620227
620522
620793
621083
621361
621642
621924
622227
622522
622804
623043
623321
623620
623899
624171
624463
624745
625027
625290
625547
625831
626119
626403
626693
626980
627261
627536
627808
628084
628371
628668
628961
629148
629473
629743
630006
630271
630540
630815
631091
631358
631593
631852
632134
632379
632665
632939
633209
633476
633748
634008
634266
634499
634805
635086
635374
635664
635947
636215
636500
636792
637085
637380
637684
637978
638263
638541
638827
639120
639427
639725
639995
640308
640596
640875
641159
641456
641758
642047
642319
642568
642840
643146
643418
643700
643982
644257
644525
644783
645036
645302
645535
645828
646086
646360
646626
646871
647148
647396
647653
647915
648183
648454
648714
648960
649213
649465
649715
649969
