93
389
678
962
1246
1531
1825
2076
2421
2722
3013
3306
3575
3878
4186
4507
4783
5076
5367
5650
5953
6231
6543
6840
7122
7408
7686
7979
8261
8555
8868
9158
9448
9726
10014
10305
10607
10912
11207
11503
11797
12081
12367
12661
12966
13282
13578
13859
14146
14438
14747
15027
15326
15627
15915
16202
16481
16773
17074
17375
17675
17964
18243
18529
18812
19097
19404
19709
20006
20287
20570
20853
21149
21441
21744
22062
22349
22618
22896
23181
23470
23773
24069
24361
24642
24930
25213
25502
25798
26104
26403
26686
26968
27254
27552
27854
28148
28447
28749
29031
29310
29597
29890
30198
30504
30796
31081
31364
31652
31945
32241
32547
32852
33143
33419
33707
33996
34294
34591
34886
35185
35471
35752
36031
36328
36622
36932
37231
37515
37799
38087
38372
38688
38966
39268
39564
39841
40111
40398
40694
40986
41288
41582
41866
42133
42432
42715
43015
43322
43620
43909
44187
44471
44759
45045
45339
45643
45939
46219
46495
46775
47054
47350
47649
47948
48219
48501
48781
49064
49342
49634
49939
50231
50507
50786
51071
51355
51643
51937
52231
52526
52800
53078
53384
53648
53940
54236
54523
54802
55080
55359
55668
55924
56224
56518
56804
57071
57349
57631
57918
58208
58506
58804
59116
59370
59647
59935
60232
60534
60833
61121
61408
61704
61980
62265
62566
62867
63172
63455
63727
64014
64304
64621
64891
65190
65480
65766
66047
66323
66620
66808
67146
67450
67745
68024
68318
68610
68913
69207
69520
69812
70093
70372
70658
70958
71256
71555
71862
72176
72433
72720
73013
73318
73628
73928
74211
74499
74782
75002
75362
75655
75951
76250
76531
76801
77090
77384
77679
77970
78267
78555
78842
79115
79402
79705
80009
80306
80598
80884
81179
81456
81747
82047
82353
82673
82943
83225
83508
83810
84120
84424
84725
85026
85319
85596
85886
86188
86496
86797
87096
87380
87673
87957
88247
88547
88850
89152
89437
89719
90004
90302
90605
90901
91205
91498
91777
92063
92353
92677
92961
93262
93550
93841
94119
94412
94718
95013
95315
95621
95908
96187
96467
96763
97066
97364
97677
97953
98244
98524
98805
99101
99409
99595
99951
100233
100512
100798
101086
101378
101670
101957
102251
102532
102819
103090
103387
103685
103981
104277
104562
104851
105133
105423
105724
106032
106330
106616
106916
107176
107472
107768
108061
108359
108659
108941
109215
109501
109790
110112
110391
110689
110999
111284
111547
111826
112131
112421
112727
113016
113297
113598
113866
114159
114452
114757
115025
115296
115592
115830
116099
116386
116670
116956
117230
117510
117782
118060
118367
118624
118929
119231
119525
119807
120092
120392
120693
121007
121335
121636
121905
122187
122477
122767
123066
123376
123680
123952
124238
124523
124791
125076
125386
125664
125955
126241
126492
126762
127041
127329
127619
127937
128102
128453
128726
128974
129255
129536
129814
130084
130334
130590
130863
131089
131343
131601
131882
132138
132396
132666
132899
133147
133405
133678
133949
134212
134480
134754
135006
135259
135522
135798
136077
136367
136648
136914
137187
137472
137745
138027
138320
138616
138904
139179
139479
139747
140030
140340
140626
140897
141168
141440
141712
141960
142224
142496
142762
143027
143281
143530
143782
144041
144321
144573
144850
145128
145397
145662
145918
146185
146461
146753
147029
147307
147581
147857
148114
148381
148654
148932
149222
149506
149784
150046
150319
150592
150872
151138
151423
151717
151990
152253
152526
152797
153083
153378
153660
153938
154210
154487
154757
155024
155310
155605
155883
156149
156410
156663
156938
157185
157447
157711
157976
158250
158505
158745
158990
159260
159496
159754
160035
160276
160522
160772
161037
161270
161516
161780
162079
162325
162589
162851
163109
163380
163645
163923
164204
164477
164747
165007
165262
165524
165773
166049
166317
166586
166857
167127
167386
167657
167928
168207
168502
168802
169089
169365
169645
169926
170217
170530
170735
171091
171388
171668
171937
172215
172500
172793
173083
173368
173647
173939
174192
174468
174759
175039
175339
175624
175900
176162
176443
176717
176999
177266
177538
177813
178078
178332
178594
178857
179134
179416
179678
179952
180199
180461
180721
180995
181254
181540
181827
182100
182371
182641
182914
183197
183491
183795
184088
184378
184665
184962
185229
185526
185854
186154
186443
186732
187021
187306
187595
187889
188197
188497
188779
189059
189346
189641
189944
190244
190544
190836
191128
191413
191690
191993
192298
192592
192878
193162
193439
193719
194011
194296
194592
194886
195172
195443
195722
195995
196284
196576
196864
197148
197430
197700
197965
198241
198520
198808
199121
199369
199635
199911
200179
200452
200731
201037
201288
201560
201824
202084
202365
202631
202912
203204
203484
203757
204037
204342
204592
204870
205175
205474
205753
206033
206311
206583
206860
207145
207437
207742
208021
208293
208564
208838
209116
209408
209699
209989
210272
210549
210825
211101
211380
211671
211980
212244
212518
212794
213093
213343
213625
213910
214197
214481
214753
215022
215298
215579
215866
216157
216447
216739
217006
217284
217563
217841
218138
218444
218720
218988
219262
219547
219829
220114
220418
220710
220992
221268
221543
221820
222097
222392
222689
222967
223244
223523
223799
224073
224345
224652
224932
225211
225488
225760
226040
226313
226591
226879
227162
227444
227718
227991
228254
228535
228829
229111
229392
229675
229952
230230
230501
230776
231074
231374
231654
231929
232206
232475
232749
233051
233317
233604
233900
234178
234430
234700
234975
235266
235563
235843
236125
236407
236682
236943
237240
237512
237799
238087
238381
238627
238900
239173
239473
239745
240014
240283
240563
240828
241080
241334
241613
241871
242130
242405
242659
242895
243147
243416
243660
243924
244208
244479
244744
245000
245279
245531
245808
246081
246368
246664
246950
247224
247500
247767
248034
248316
248602
248894
249176
249449
249722
250006
250290
250576
250875
251176
251457
251727
252010
252303
252601
252884
253175
253475
253757
254026
254298
254602
254908
255187
255469
255756
256042
256311
256588
256903
257181
257456
257725
257992
258241
258494
258755
259024
259296
259557
259845
260092
260349
260600
260868
261148
261433
261707
261984
262257
262531
262804
263079
263367
263657
263947
264233
264514
264806
265078
265370
265668
265963
266255
266551
266831
267125
267391
267696
267995
268276
268561
268839
269118
269401
269698
269977
270273
270566
270837
271110
271386
271673
271970
272261
272549
272856
273139
273410
273691
273984
274280
274576
274868
275147
275419
275687
275965
276252
276532
276821
277119
277405
277665
277940
278229
278534
278831
279114
279398
279592
279934
280225
280527
280830
281127
281417
281697
281993
282266
282529
282817
283113
283407
283687
283959
284232
284513
284795
285088
285379
285669
285954
286233
286511
286780
287070
287371
287672
287959
288250
288523
288810
289092
289392
289684
289986
290273
290554
290837
291127
291424
291714
292006
292297
292582
292860
293139
293427
293729
294027
294314
294597
294874
295177
295439
295756
296029
296335
296645
296905
297210
297467
297754
298049
298351
298643
298937
299243
299500
299772
300068
300376
300679
300955
301226
301510
301798
302081
302363
302661
302988
303256
303519
303789
304082
304378
304655
304939
305228
305525
305725
306051
306353
306658
306961
307250
307529
307761
308078
308365
308641
308927
309237
309532
309795
310068
310348
310643
310931
311217
311505
311799
312077
312343
312621
312845
313210
313525
313824
314107
314411
314680
314968
315262
315558
315859
316151
316431
316709
316997
317282
317576
317802
318161
318454
318745
319050
319239
319603
319921
320241
320510
320801
321088
321388
321680
321984
322291
322589
322874
323155
323449
323747
324061
324359
324656
324945
325231
325511
325799
326104
326414
326714
327003
327292
327581
327876
328165
328468
328770
329073
329354
329635
329928
330232
330554
330836
331158
331427
331728
332005
332296
332604
332929
333233
333495
333783
334071
334364
334659
334959
335265
335559
335843
336116
336401
336696
336996
337298
337587
337891
338183
338448
338738
339040
339360
339652
339942
340223
340510
340801
341090
341395
341709
341992
342282
342563
342837
343144
343426
343722
344010
344296
344590
344859
345144
345449
345742
346035
346324
346612
346819
347167
347470
347775
348079
348384
348683
348950
349237
349521
349821
350128
350425
350709
350996
351281
351497
351839
352151
352432
352727
353008
353295
353580
353848
354145
354442
354733
355031
355339
355595
355882
356181
356480
356775
357068
357343
357627
357916
358203
358521
358806
359102
359381
359650
359918
360202
360486
360780
361068
361360
361642
361910
362180
362467
362749
363043
363335
363621
363894
364197
364462
364747
365040
365350
365656
365930
366207
366499
366795
367079
367380
367690
367976
368263
368548
368841
369126
369426
369752
370029
370295
370573
370858
371147
371422
371749
372023
372316
372573
372850
373139
373444
373728
374016
374320
374610
374870
375140
375427
375731
376014
376303
376592
376877
377097
377420
377725
378021
378324
378624
378905
379175
379456
379749
380039
380328
380633
380922
381190
381468
381764
382032
382330
382625
382910
383198
383497
383782
384043
384333
384630
384931
385221
385503
385795
386085
386365
386665
386982
387257
387549
387827
388105
388389
388688
388997
389295
389579
389876
390165
390463
390746
391055
391370
391658
391940
392220
392509
392821
393093
393393
393697
393973
394259
394535
394816
395122
395417
395713
396026
396309
396569
396860
397149
397360
397720
398023
398309
398585
398869
399155
399456
399746
400039
400338
400615
400893
401179
401479
401776
402077
402376
402662
402978
403231
403525
403836
404119
404420
404713
404996
405294
405560
405853
406149
406455
406734
407021
407304
407593
407866
408168
408468
408762
409046
409330
409613
409916
410192
410493
410800
411087
411370
411650
411933
412246
412529
412846
413127
413418
413707
413984
414266
414558
414864
415159
415447
415720
416010
416293
416583
416867
417168
417461
417762
418028
418299
418593
418889
419173
419481
419761
420050
420318
420599
420890
421190
421490
421783
422010
422361
422620
422863
423184
423478
423784
424109
424355
424632
424909
425212
425508
425804
426094
426396
426677
426954
427241
427539
427844
428145
428432
428714
429007
429293
429592
429883
430181
430486
430777
431051
431332
431631
431938
432226
432532
432814
433106
433380
433664
433857
434228
434529
434826
435114
435408
435691
435967
436166
436530
436835
437134
437416
437698
437983
438285
438588
438902
439174
439469
439756
440038
440330
440638
440959
441255
441534
441830
442124
442421
442641
443008
443320
443622
443904
444191
444489
444721
445078
445378
445673
445964
446242
446525
446815
447121
447421
447711
447996
448280
448564
448851
449155
449457
449764
450053
450341
450632
450936
451218
451517
451821
452118
452407
452693
452975
453267
453565
453878
454170
454470
454667
455013
455309
455604
455920
456207
456504
456787
457068
457349
457651
457953
458185
458539
458832
459128
459421
459681
459982
460291
460590
460874
461164
461449
461737
462030
462331
462637
462961
463215
463509
463810
464065
464377
464684
464995
465272
465555
465836
466121
466420
466731
467026
467323
467623
467897
468180
468475
468778
469082
469379
469676
469958
470248
470548
470853
471154
471460
471743
472035
472320
472604
472904
473217
473515
473807
474090
474378
474668
474961
475254
475564
475866
476152
476433
476722
477015
477340
477622
477914
478211
478503
478801
479056
479347
479650
479948
480234
480510
480795
481074
481358
481658
481957
482255
482540
482817
483087
483367
483652
483947
484237
484537
484801
485088
485370
485656
485958
486269
486572
486871
487144
487439
487737
488035
488336
488651
488947
489230
489513
489805
490107
490413
490712
491011
491303
491597
491866
492161
492461
492766
493062
493355
493639
493959
494215
494519
494807
495101
495386
495664
495955
496218
496517
496729
497090
497393
497681
497961
498246
498533
498828
499132
499433
499719
500002
500284
500565
500864
501161
501466
501762
502080
502332
502617
502915
503207
503512
503810
504097
504390
504669
504952
505268
505545
505846
506168
506415
506695
506985
507273
507570
507871
508177
508471
508760
509034
509335
509640
509940
510237
510535
510820
511108
511387
511676
511987
512293
512589
512867
513151
513440
513753
514031
514335
514644
514935
515211
515493
515778
516081
516388
516706
516986
517282
517569
517876
518145
518442
518750
519045
519324
519609
519897
520194
520480
520786
520998
521358
521644
521948
522225
522528
522834
523133
523432
523724
524016
524296
524616
524908
525214
525513
525797
526081
526371
526663
526957
527260
527565
527858
528134
528418
528705
529008
529310
529616
529912
530217
530488
530779
531074
531380
531685
531984
532273
532567
532845
533137
533431
533736
534032
534324
534608
534889
535179
535476
535784
536083
536388
536661
536946
537228
537521
537827
538133
538437
538725
539010
539308
539592
539890
540188
540488
540786
541068
541349
541641
541940
542242
542546
542862
543132
543423
543705
544000
544303
544607
544911
545197
545471
545757
546038
546323
546629
546809
547215
547498
547773
548048
548350
548649
548941
549239
549518
549800
550085
550364
550658
550968
551290
551548
551849
552112
552401
552718
552991
553299
553604
553892
554172
554455
554739
555043
555359
555630
555930
556220
556517
556783
557073
557377
557683
557978
558268
558544
558829
559119
559412
559711
560013
560312
560593
560864
561158
561452
561764
562035
562324
562607
562828
563159
563440
563754
564046
564337
564619
564898
565180
565473
565758
566056
566276
566632
566914
567209
567397
567737
568069
568348
568650
568943
569220
569517
569778
570074
570408
570684
570973
571261
571556
571847
572161
572444
572747
573075
573353
573623
573916
574209
574467
574802
575111
575403
575693
575974
576264
576567
576879
577179
577472
577756
578041
578327
578617
578917
579221
579464
579820
580091
580373
580664
580968
581290
581559
581851
582135
582429
582685
582948
583254
583555
583849
584112
584385
584655
584918
585192
585480
585747
586026
586290
586540
586787
587046
587330
587593
587859
588132
588392
588661
588921
589194
589469
589763
590057
590332
590630
590882
591160
591434
591732
592017
592304
592597
592869
593105
593402
593699
594016
594298
594578
594872
595142
595417
595719
596008
596300
596599
596895
597152
597418
597699
597941
598203
598474
598729
598984
599247
599484
599719
599969
600241
600499
600755
601027
601288
601552
601815
602080
602346
602627
602909
603195
603470
603738
604005
604314
604580
604863
605180
605476
605752
606023
606335
606605
606896
607195
607491
607784
608059
608350
608591
608871
609153
609442
609737
610003
610286
610560
610839
611126
611416
611711
612002
612280
612556
612835
613126
613417
613710
614000
614276
614556
614832
615105
615387
615693
615984
616266
616554
616829
617110
617382
617671
617965
618270
618546
618820
619097
619403
619690
619967
620266
620557
620843
621118
621405
621697
621959
622262
622565
622847
623107
623384
623654
623933
624209
624497
624781
625072
625330
625595
625879
626169
626443
626732
627015
627321
627594
627843
628122
628411
628704
628997
629187
629512
629777
630044
630320
630578
630854
631126
631394
631651
631915
632172
632438
632704
632975
633247
633516
633784
634043
634299
634563
634844
635123
635410
635701
635982
636255
636535
636827
637123
637416
637735
638034
638300
638576
638863
639156
639463
639760
640055
640345
640631
640917
641194
641497
641802
642081
642371
642630
642904
643191
643465
643737
644021
644319
644566
644835
645080
645359
645598
645908
646148
646410
646674
646934
647190
647439
647689
647952
648220
648494
648748
648994
649247
649501
649750
649999
