205
489
780
1062
1328
1633
1931
2141
2537
2823
3038
3404
3659
3977
4269
4588
4894
5156
5391
5732
6036
6344
6628
6937
7220
7501
7785
8073
8344
8657
8959
9235
9468
9829
10111
10414
10712
10937
11311
11580
11894
12163
12467
12764
12989
13387
13684
13955
14233
14549
14832
15136
15401
15710
16018
16302
16583
16873
17153
17415
17770
18063
18345
18632
18917
19206
19516
19815
20104
20383
20666
20959
21255
21553
21854
22156
22418
22718
22994
23286
23580
23887
24180
24464
24745
25026
25312
25603
25901
26215
26515
26793
27071
27362
27662
27954
28252
28549
28846
29125
29335
29705
30010
30301
30531
30897
31176
31466
31733
32047
32350
32655
32949
33242
33519
33810
34102
34400
34702
34993
35287
35579
35848
36132
36430
36729
37036
37333
37612
37900
38109
38567
38773
39071
39296
39749
39933
40210
40515
40800
41101
41394
41682
41963
42235
42530
42831
43131
43430
43716
44006
44288
44575
44856
45149
45450
45762
46040
46315
46600
46855
47159
47463
47674
48039
48318
48603
48877
49154
49455
49747
50059
50330
50608
50811
51093
51459
51751
52038
52341
52621
52898
53095
53462
53755
54051
54341
54629
54903
55182
55410
55731
56023
56311
56625
56884
57169
57366
57664
58016
58313
58607
58910
59205
59464
59663
60117
60331
60636
60862
61220
61520
61793
62074
62354
62646
62972
63269
63552
63806
64096
64412
64707
64998
65272
65584
65866
66141
66423
66735
66918
67252
67545
67845
68125
68421
68712
69009
69324
69620
69912
70189
70468
70765
71065
71369
71663
71960
72230
72537
72824
73217
73426
73736
73946
74313
74614
74887
75109
75439
75765
76056
76351
76633
76906
77178
77418
77791
78079
78280
78658
78946
79213
79510
79789
80115
80413
80629
80989
81266
81554
81866
82155
82463
82757
83042
83326
83591
83829
84139
84529
84830
85042
85418
85702
85996
86294
86603
86901
87191
87490
87765
88059
88359
88657
88959
89165
89541
89820
90058
90403
90716
91007
91265
91597
91880
92164
92455
92759
93067
93367
93567
93939
94221
94514
94819
95121
95429
95729
96005
96281
96569
96864
97168
97469
97765
98014
98354
98620
98909
99205
99504
99692
100049
100269
100612
100900
101114
101567
101775
102064
102267
102628
102913
103194
103494
103767
104077
104377
104663
104953
105236
105500
105841
106134
106430
106713
106997
107281
107558
107876
108163
108470
108758
109040
109318
109600
109895
110207
110496
110794
111075
111355
111650
111929
112206
112528
112833
113118
113401
113677
113966
114261
114551
114843
115053
115398
115669
115923
116208
116470
116787
117139
117337
117557
117880
118158
118446
118730
119045
119338
119626
119829
120177
120503
120720
121114
121423
121729
121928
122282
122587
122879
123117
123490
123781
124049
124319
124630
124896
125161
125457
125772
125970
126320
126588
126866
127151
127443
127637
128011
128335
128535
128737
129070
129357
129642
129914
130169
130437
130659
130913
131192
131372
131698
131974
132183
132486
132742
132975
133225
133504
133764
133982
134252
134587
134848
135019
135314
135623
135905
136149
136409
136745
136969
137209
137567
137813
138086
138419
138726
138923
139274
139554
139835
140080
140419
140712
140960
141267
141539
141774
142007
142404
142603
142867
143127
143378
143605
143882
144140
144401
144684
144952
145235
145499
145753
146009
146275
146571
146854
147135
147387
147681
147873
148129
148480
148755
149014
149308
149610
149878
150083
150401
150698
150965
151174
151527
151826
152079
152354
152635
152824
153182
153483
153765
153994
154306
154588
154865
155053
155405
155707
155948
156230
156511
156755
156999
157264
157532
157811
158073
158344
158602
158829
159092
159349
159570
159856
160126
160374
160629
160870
161117
161339
161576
161874
162152
162438
162686
162921
163208
163476
163748
163995
164304
164577
164822
165107
165335
165604
165877
166121
166396
166606
166871
167222
167437
167670
168029
168225
168516
168845
169182
169380
169735
170020
170318
170549
170832
171199
171413
171759
172031
172292
172601
172902
173172
173467
173738
174016
174292
174572
174834
175146
175441
175718
175986
176261
176545
176820
177098
177375
177647
177903
178170
178430
178685
178955
179217
179487
179779
179970
180293
180557
180814
181083
181356
181644
181927
182198
182456
182737
183015
183297
183596
183911
184193
184474
184739
185053
185282
185631
185952
186262
186537
186833
187119
187362
187695
187991
188295
188592
188877
189158
189427
189742
190036
190348
190649
190936
191229
191510
191793
192099
192382
192692
192976
193181
193534
193827
194066
194400
194699
194984
195223
195519
195815
196099
196297
196593
196950
197257
197466
197793
198051
198341
198560
198913
199197
199467
199747
199993
200276
200550
200830
201108
201395
201656
201901
202162
202438
202730
203006
203275
203585
203794
204138
204419
204611
204982
205260
205574
205782
206057
206399
206684
206954
207246
207518
207845
208042
208336
208661
208938
209198
209505
209810
210072
210323
210647
210922
211194
211488
211779
212073
212269
212550
212898
213168
213401
213730
214018
214297
214583
214830
215124
215396
215681
215972
216260
216552
216745
217040
217384
217658
217891
218239
218540
218818
219003
219356
219651
219933
220213
220516
220819
221093
221287
221630
221889
222124
222469
222791
223047
223307
223604
223894
224087
224431
224752
225042
225311
225579
225862
226115
226336
226691
226986
227211
227537
227816
228093
228292
228562
228927
229219
229423
229769
230052
230328
230522
230878
231190
231393
231728
232023
232306
232570
232850
233140
233425
233706
233987
234258
234525
234792
235080
235373
235665
235941
236223
236515
236708
237045
237304
237622
237905
238143
238395
238723
238921
239269
239547
239841
240091
240305
240659
240900
241171
241418
241687
241928
242148
242489
242723
242992
243321
243501
243681
244038
244287
244585
244840
245015
245351
245638
245905
246178
246479
246750
247025
247307
247570
247851
248141
248401
248700
248992
249255
249547
249825
250106
250393
250684
250974
251271
251554
251824
252094
252411
252714
252913
253281
253571
253836
254049
254397
254701
255013
255286
255544
255852
256150
256403
256692
256954
257290
257557
257820
258080
258338
258594
258857
259127
259376
259578
259924
260190
260443
260691
260974
261251
261534
261747
262086
262363
262622
262896
263179
263476
263681
263975
264336
264609
264887
265154
265473
265751
265984
266355
266639
266930
267205
267476
267801
268092
268331
268659
268951
269214
269443
269792
270088
270379
270667
270935
271211
271483
271785
272075
272363
272656
272956
273243
273506
273800
274093
274370
274642
274947
275226
275518
275793
276068
276354
276611
276930
277195
277504
277763
278042
278314
278636
278930
279213
279476
279689
280035
280333
280641
280917
281232
281515
281774
282074
282323
282630
282925
283200
283514
283792
284059
284322
284608
284897
285192
285492
285760
286044
286324
286580
286860
287175
287468
287772
288041
288320
288616
288909
289119
289493
289797
290066
290350
290645
290929
291201
291508
291815
292113
292377
292681
292964
293225
293515
293764
294135
294412
294692
294980
295268
295516
295841
296136
296376
296727
297006
297286
297560
297864
298159
298459
298746
299036
299321
299581
299858
300176
300483
300784
301031
301327
301605
301899
302158
302445
302734
303073
303357
303597
303802
304177
304483
304678
305026
305323
305613
305819
306129
306433
306746
307067
307330
307629
307832
308177
308445
308724
309034
309324
309633
309868
310170
310427
310743
311029
311324
311613
311907
312181
312441
312671
312940
313292
313635
313940
314205
314496
314695
315068
315340
315660
315959
316247
316533
316811
317051
317383
317682
317901
318260
318556
318825
319130
319339
319713
320025
320319
320611
320873
321191
321486
321791
322063
322378
322669
322969
323252
323541
323827
324163
324463
324752
325026
325314
325594
325906
326214
326521
326821
327080
327389
327685
327978
328271
328575
328881
329166
329435
329735
330031
330337
330642
330936
331236
331503
331775
332112
332401
332714
333015
333318
333593
333879
334171
334465
334771
335066
335353
335660
335937
336211
336508
336807
337112
337398
337613
337980
338243
338551
338848
339138
339449
339748
340007
340299
340616
340903
341178
341499
341803
342098
342380
342659
342936
343242
343536
343824
344111
344393
344673
344956
345244
345520
345849
346138
346337
346709
346920
347274
347575
347857
348186
348484
348771
349047
349342
349625
349936
350231
350524
350811
351095
351379
351600
351924
352240
352543
352796
353096
353358
353663
353955
354217
354547
354839
355127
355409
355694
355985
356285
356584
356850
357144
357443
357715
357996
358300
358608
358913
359207
359483
359725
360019
360287
360587
360798
361173
361465
361735
361953
362282
362548
362857
363126
363420
363727
363908
364284
364559
364849
365145
365459
365761
366019
366308
366605
366879
367186
367486
367799
368073
368337
368649
368946
369212
369538
369839
370132
370395
370589
370958
371224
371527
371825
372127
372411
372654
372946
373248
373550
373776
374117
374427
374713
374947
375237
375534
375839
376102
376403
376670
376960
377191
377516
377825
378130
378434
378725
379001
379274
379563
379848
380145
380433
380733
381007
381289
381569
381816
382133
382435
382727
383009
383273
383567
383856
384144
384433
384745
385035
385297
385597
385860
386164
386467
386771
387060
387363
387643
387920
388205
388486
388790
389103
389393
389678
389894
390363
390537
390823
391077
391468
391757
392034
392328
392595
392908
393198
393497
393789
394073
394350
394632
394913
395220
395526
395790
396065
396381
396675
396938
397233
397379
397837
398128
398411
398686
398946
399256
399557
399850
400061
400382
400711
400996
401261
401554
401885
402180
402481
402766
403051
403344
403551
403853
404224
404528
404813
405040
405371
405575
405968
406334
406524
406837
407126
407399
407654
407967
408233
408559
408841
409123
409429
409716
409985
410274
410698
410878
411193
411474
411724
412038
412337
412631
412916
413211
413525
413798
414001
414368
414661
414967
415242
415524
415822
416078
416366
416680
416980
417237
417543
417824
418116
418377
418685
418983
419277
419514
419856
420137
420418
420676
420992
421288
421571
421889
422106
422442
422725
422933
423201
423589
423883
424184
424400
424738
425007
425268
425610
425907
426203
426490
426756
427058
427355
427650
427951
428256
428528
428822
429108
429386
429690
429988
430265
430591
430869
431149
431436
431734
432035
432332
432625
432915
433203
433486
433763
433887
434338
434633
434936
435213
435471
435773
436074
436247
436643
436944
437229
437516
437792
438091
438389
438623
438983
439283
439548
439849
440119
440426
440748
441052
441350
441636
441938
442227
442515
442741
443093
443428
443703
444006
444298
444570
444826
445161
445486
445778
446064
446342
446619
446918
447223
447523
447810
448094
448357
448673
448954
449263
449554
449869
450157
450359
450706
451015
451295
451625
451925
452222
452504
452790
453075
453355
453674
453979
454271
454540
454762
455113
455410
455711
456012
456287
456585
456882
457159
457457
457729
458054
458289
458642
458929
459216
459506
459778
460094
460393
460688
460972
461259
461547
461842
462139
462403
462755
463031
463300
463592
463879
464164
464478
464703
465088
465370
465664
465936
466201
466467
466830
467130
467419
467709
467997
468283
468580
468892
469183
469486
469770
470060
470351
470657
470957
471259
471541
471844
472134
472420
472712
473019
473319
473615
473888
474187
474475
474769
475065
475362
475644
475945
476250
476534
476817
477120
477424
477723
478023
478289
478602
478869
479164
479461
479756
480051
480335
480596
480895
481183
481462
481765
482060
482359
482640
482918
483166
483481
483756
484030
484263
484603
484893
485106
485470
485759
486044
486376
486772
486966
487244
487541
487830
488138
488445
488765
489058
489326
489615
489890
490218
490489
490815
491111
491394
491684
491966
492268
492551
492854
493175
493450
493717
494030
494321
494615
494912
495185
495489
495769
496017
496329
496620
496831
497203
497415
497763
498070
498349
498610
498921
499219
499537
499820
500101
500384
500671
500968
501243
501549
501863
502140
502349
502719
503009
503289
503617
503919
504207
504485
504766
505052
505353
505648
505874
506224
506510
506779
507085
507376
507675
507976
508272
508566
508863
509144
509426
509748
510051
510347
510633
510917
511215
511488
511784
512099
512394
512680
512977
513257
513522
513838
514132
514442
514746
515017
515308
515589
515890
516174
516487
516788
517093
517357
517668
517954
518218
518555
518857
519150
519417
519711
519975
520272
520558
520886
521102
521464
521742
522029
522327
522629
522937
523243
523531
523808
524117
524400
524702
524990
525318
525618
525897
526183
526475
526771
527058
527314
527671
527951
528230
528499
528813
529096
529417
529726
530018
530288
530598
530860
531177
531489
531796
532090
532351
532656
532924
533248
533536
533932
534134
534429
534711
534985
535259
535581
535893
536184
536460
536758
537049
537334
537616
537938
538249
538495
538823
539111
539403
539607
539996
540287
540598
540896
541175
541452
541737
542041
542347
542645
542941
543239
543525
543813
544101
544412
544713
545011
545295
545574
545835
546140
546428
546726
546909
547305
547578
547871
548130
548461
548735
549051
549345
549616
549815
550170
550466
550777
550982
551350
551648
551926
552206
552512
552803
553096
553390
553705
553989
554244
554531
554843
555159
555445
555716
556030
556317
556579
556876
557176
557393
557793
558081
558354
558643
558909
559219
559522
559815
560118
560409
560697
560975
561262
561561
561915
562146
562435
562684
562902
563252
563541
563858
564152
564441
564722
564994
565258
565567
565862
566167
566362
566736
567022
567303
567481
567845
568144
568429
568751
569034
569322
569598
569886
570180
570487
570785
571072
571360
571658
571950
572240
572556
572857
573168
573442
573701
573991
574310
574551
574886
575223
575505
575790
576080
576365
576679
576992
577263
577575
577837
578129
578432
578731
579027
579327
579564
579910
580185
580470
580765
581077
581367
581661
581930
582152
582498
582771
582961
583280
583752
583937
584208
584477
584761
585021
585209
585572
585852
586069
586383
586550
586880
587155
587415
587690
587937
588223
588491
588764
589000
589286
589571
589868
590163
590353
590712
590977
591239
591526
591828
592118
592341
592684
592973
593182
593503
593795
594119
594323
594675
594976
595155
595618
595808
596115
596315
596710
596972
597250
597519
597794
598100
598286
598553
598741
599008
599314
599577
599746
600067
600335
600512
600791
601202
601394
601600
601992
602153
602365
602729
603100
603292
603485
603824
604106
604392
604683
604967
605270
605577
605845
606107
606378
606705
606923
607292
607595
607802
608064
608422
608629
608891
609255
609527
609759
610096
610378
610652
610877
611315
611517
611814
612106
612371
612568
612882
613222
613506
613741
614075
614374
614654
614927
615203
615496
615725
616040
616368
616639
616852
617197
617486
617753
618048
618316
618651
618919
619198
619585
619755
620070
620335
620656
620939
621133
621489
621768
622075
622366
622618
622939
623211
623402
623756
624118
624318
624509
624859
625087
625424
625673
625966
626208
626540
626829
627029
627385
627667
627940
628224
628515
628808
629031
629272
629610
629807
630227
630405
630680
630877
631153
631479
631749
631962
632206
632513
632812
633009
633296
633614
633883
634065
634313
634658
634943
635134
635435
635803
636013
636275
636632
636923
637176
637441
637800
638117
638326
638768
638948
639264
639514
639844
640156
640362
640655
641014
641297
641526
641817
642163
642460
642673
643003
643277
643557
643755
644214
644352
644639
644849
645246
645412
645699
645921
646183
646508
646777
646952
647209
647451
647794
647985
648283
648589
648778
649025
649285
649520
649828
